20.80465	31.4891	44.9341	57.3312	66.3704	78.13715	88.04645	94.99405	100.3242	104.2113	111.30745	115.87205	118.82995	119.7498	123.1892	126.35315	130.07225	133.803	137.5288	142.6089	147.59865	150.8952	154.7675	158.34075	162.99205	164.12895	170.10915	174.7767	175.7414	179.92655	181.2952	185.1201	189.06375	194.1759	199.11305	201.7758	205.5786	208.6747	211.8731	216.562	218.35095	220.48535	225.5021	228.06135	228.7162	233.42975	235.2429	236.52055	238.18475	240.8632
30.78007698059082	52.7958869934082	70.5726146697998	139.07861709594727	124.36771392822266	175.4605770111084	229.9487590789795	186.39373779296875	237.09845542907715	146.40355110168457	214.3721580505371	179.11553382873535	180.39274215698242	177.7176856994629	210.78896522521973	161.49330139160156	178.40147018432617	185.20069122314453	223.94061088562012	263.2477283477783	178.91597747802734	306.17690086364746	305.9830665588379	269.5348262786865	271.8198299407959	309.9067211151123	358.7994575500488	314.3124580383301	341.72844886779785	297.59740829467773	329.6823501586914	373.1405735015869	365.7820224761963	466.75729751586914	415.0063991546631	426.81384086608887	524.935245513916	372.53689765930176	357.30504989624023	370.06521224975586	345.8080291748047	344.6509838104248	368.6695098876953	422.1048355102539	503.7992000579834	474.11346435546875	401.7925262451172	528.7883281707764	537.55784034729	493.2746887207031
2565
2565	1549
2565	1549	766
2565	1549	766	11
2565	1549	766	11	1166
2565	1549	766	11	1166	457
2565	1549	766	11	1166	457	2688
2565	1549	766	11	1166	457	2688	1374
2565	1549	766	11	1166	457	2688	1374	5524
2565	1549	766	11	1166	457	2688	1374	5524	3352
2565	1549	766	11	1166	457	2688	1374	5524	3352	1151
2565	1549	766	11	1166	457	2688	1374	5524	3352	1151	2485
2565	1549	766	11	1166	457	2688	1374	5524	3352	1151	2485	2328
2565	1549	766	11	1166	457	2688	1374	5524	3352	1151	2485	2328	4037
2565	1549	766	11	1166	457	2688	1374	5524	3352	1151	2485	2328	4037	3456
2565	1549	766	11	1166	457	2688	1374	5524	3352	1151	2485	2328	4037	3456	737
2565	1549	766	11	1166	457	2688	1374	5524	3352	1151	2485	2328	4037	3456	737	2871
2565	1549	766	11	1166	457	2688	1374	5524	3352	1151	2485	2328	4037	3456	737	2871	5079
2565	1549	766	11	1166	457	2688	1374	5524	3352	1151	2485	2328	4037	3456	737	2871	5079	2651
2565	1549	766	11	1166	457	2688	1374	5524	3352	1151	2485	2328	4037	3456	737	2871	5079	2651	5802
2565	1549	766	11	1166	457	2688	1374	5524	3352	1151	2485	2328	4037	3456	737	2871	5079	2651	5802	1608
2565	1549	766	11	1166	457	2688	1374	5524	3352	1151	2485	2328	4037	3456	737	2871	5079	2651	5802	1608	2237
2565	1549	766	11	1166	457	2688	1374	5524	3352	1151	2485	2328	4037	3456	737	2871	5079	2651	5802	1608	2237	4310
2565	1549	766	11	1166	457	2688	1374	5524	3352	1151	2485	2328	4037	3456	737	2871	5079	2651	5802	1608	2237	4310	993
2565	1549	766	11	1166	457	2688	1374	5524	3352	1151	2485	2328	4037	3456	737	2871	5079	2651	5802	1608	2237	4310	993	2972
2565	1549	766	11	1166	457	2688	1374	5524	3352	1151	2485	2328	4037	3456	737	2871	5079	2651	5802	1608	2237	4310	993	2972	2398
2565	1549	766	11	1166	457	2688	1374	5524	3352	1151	2485	2328	4037	3456	737	2871	5079	2651	5802	1608	2237	4310	993	2972	2398	1133
2565	1549	766	11	1166	457	2688	1374	5524	3352	1151	2485	2328	4037	3456	737	2871	5079	2651	5802	1608	2237	4310	993	2972	2398	1133	789
2565	1549	766	11	1166	457	2688	1374	5524	3352	1151	2485	2328	4037	3456	737	2871	5079	2651	5802	1608	2237	4310	993	2972	2398	1133	789	15
2565	1549	766	11	1166	457	2688	1374	5524	3352	1151	2485	2328	4037	3456	737	2871	5079	2651	5802	1608	2237	4310	993	2972	2398	1133	789	15	3453
2565	1549	766	11	1166	457	2688	1374	5524	3352	1151	2485	2328	4037	3456	737	2871	5079	2651	5802	1608	2237	4310	993	2972	2398	1133	789	15	3453	1297
2565	1549	766	11	1166	457	2688	1374	5524	3352	1151	2485	2328	4037	3456	737	2871	5079	2651	5802	1608	2237	4310	993	2972	2398	1133	789	15	3453	1297	2658
2565	1549	766	11	1166	457	2688	1374	5524	3352	1151	2485	2328	4037	3456	737	2871	5079	2651	5802	1608	2237	4310	993	2972	2398	1133	789	15	3453	1297	2658	5189
2565	1549	766	11	1166	457	2688	1374	5524	3352	1151	2485	2328	4037	3456	737	2871	5079	2651	5802	1608	2237	4310	993	2972	2398	1133	789	15	3453	1297	2658	5189	3642
2565	1549	766	11	1166	457	2688	1374	5524	3352	1151	2485	2328	4037	3456	737	2871	5079	2651	5802	1608	2237	4310	993	2972	2398	1133	789	15	3453	1297	2658	5189	3642	4967
2565	1549	766	11	1166	457	2688	1374	5524	3352	1151	2485	2328	4037	3456	737	2871	5079	2651	5802	1608	2237	4310	993	2972	2398	1133	789	15	3453	1297	2658	5189	3642	4967	5800
2565	1549	766	11	1166	457	2688	1374	5524	3352	1151	2485	2328	4037	3456	737	2871	5079	2651	5802	1608	2237	4310	993	2972	2398	1133	789	15	3453	1297	2658	5189	3642	4967	5800	1305
2565	1549	766	11	1166	457	2688	1374	5524	3352	1151	2485	2328	4037	3456	737	2871	5079	2651	5802	1608	2237	4310	993	2972	2398	1133	789	15	3453	1297	2658	5189	3642	4967	5800	1305	3447
2565	1549	766	11	1166	457	2688	1374	5524	3352	1151	2485	2328	4037	3456	737	2871	5079	2651	5802	1608	2237	4310	993	2972	2398	1133	789	15	3453	1297	2658	5189	3642	4967	5800	1305	3447	2256
2565	1549	766	11	1166	457	2688	1374	5524	3352	1151	2485	2328	4037	3456	737	2871	5079	2651	5802	1608	2237	4310	993	2972	2398	1133	789	15	3453	1297	2658	5189	3642	4967	5800	1305	3447	2256	311
2565	1549	766	11	1166	457	2688	1374	5524	3352	1151	2485	2328	4037	3456	737	2871	5079	2651	5802	1608	2237	4310	993	2972	2398	1133	789	15	3453	1297	2658	5189	3642	4967	5800	1305	3447	2256	311	2576
2565	1549	766	11	1166	457	2688	1374	5524	3352	1151	2485	2328	4037	3456	737	2871	5079	2651	5802	1608	2237	4310	993	2972	2398	1133	789	15	3453	1297	2658	5189	3642	4967	5800	1305	3447	2256	311	2576	5022
2565	1549	766	11	1166	457	2688	1374	5524	3352	1151	2485	2328	4037	3456	737	2871	5079	2651	5802	1608	2237	4310	993	2972	2398	1133	789	15	3453	1297	2658	5189	3642	4967	5800	1305	3447	2256	311	2576	5022	173
2565	1549	766	11	1166	457	2688	1374	5524	3352	1151	2485	2328	4037	3456	737	2871	5079	2651	5802	1608	2237	4310	993	2972	2398	1133	789	15	3453	1297	2658	5189	3642	4967	5800	1305	3447	2256	311	2576	5022	173	5697
2565	1549	766	11	1166	457	2688	1374	5524	3352	1151	2485	2328	4037	3456	737	2871	5079	2651	5802	1608	2237	4310	993	2972	2398	1133	789	15	3453	1297	2658	5189	3642	4967	5800	1305	3447	2256	311	2576	5022	173	5697	2625
2565	1549	766	11	1166	457	2688	1374	5524	3352	1151	2485	2328	4037	3456	737	2871	5079	2651	5802	1608	2237	4310	993	2972	2398	1133	789	15	3453	1297	2658	5189	3642	4967	5800	1305	3447	2256	311	2576	5022	173	5697	2625	6
2565	1549	766	11	1166	457	2688	1374	5524	3352	1151	2485	2328	4037	3456	737	2871	5079	2651	5802	1608	2237	4310	993	2972	2398	1133	789	15	3453	1297	2658	5189	3642	4967	5800	1305	3447	2256	311	2576	5022	173	5697	2625	6	4099
2565	1549	766	11	1166	457	2688	1374	5524	3352	1151	2485	2328	4037	3456	737	2871	5079	2651	5802	1608	2237	4310	993	2972	2398	1133	789	15	3453	1297	2658	5189	3642	4967	5800	1305	3447	2256	311	2576	5022	173	5697	2625	6	4099	4712
2565	1549	766	11	1166	457	2688	1374	5524	3352	1151	2485	2328	4037	3456	737	2871	5079	2651	5802	1608	2237	4310	993	2972	2398	1133	789	15	3453	1297	2658	5189	3642	4967	5800	1305	3447	2256	311	2576	5022	173	5697	2625	6	4099	4712	2654
2565	1549	766	11	1166	457	2688	1374	5524	3352	1151	2485	2328	4037	3456	737	2871	5079	2651	5802	1608	2237	4310	993	2972	2398	1133	789	15	3453	1297	2658	5189	3642	4967	5800	1305	3447	2256	311	2576	5022	173	5697	2625	6	4099	4712	2654	5179
