20.80465	16.73825	21.9282	53.5366	59.2172	59.81305	72.24975	65.57335	96.03645	97.21835	84.43085	109.58425	110.1686	122.55585	119.27285	126.18355	138.86325	128.0018	142.9177	143.71125	153.78645	155.76815	164.9991	172.0375	168.5256	173.4967	172.73485	182.98975	185.909	189.67285	199.3579	190.78335	197.53955	199.15855	207.74075	208.0529	219.7335	219.8386	225.5025	233.7103	227.8428	235.49245	238.11745	238.2787	236.6561	242.6573	251.50095	257.08175	253.4646	260.9982
9510.230779647827	12699.366092681885	15821.939468383789	20577.608585357666	22982.917308807373	26641.610145568848	29776.957511901855	33647.16124534607	34939.05329704285	39149.19710159302	42750.05531311035	45628.718852996826	47601.534843444824	51932.56092071533	54289.35241699219	56660.09068489075	61372.34282493591	62377.40731239319	65115.16213417053	68122.45488166809	70061.13886833191	74073.25506210327	79495.39709091187	79294.18659210205	81725.23498535156	85358.28065872192	87504.80794906616	90287.93931007385	93352.29349136353	97869.1143989563	97825.28471946716	98751.51228904724	113029.01792526245	105905.62105178833	106473.88172149658	111672.02234268188	112177.08706855774	114168.97130012512	116785.04824638367	119001.91855430603	148598.25372695923	157594.11430358887	158522.34315872192	170981.14156723022	173195.42360305786	162662.26029396057	180846.1697101593	161644.85955238342	183794.8703765869	186164.5028591156
2565
3449	5796
789	784	634
766	2565	457	3453
2565	2688	1166	319	11
457	11	2688	5189	722	1210
2565	766	4967	1549	457	3381	5802
2688	766	2967	5531	4967	319	813	3447
1608	1151	457	766	11	2485	1549	1166	2565
457	3642	2688	2565	173	11	1098	766	2658	1319
766	2565	6	722	1151	2237	5796	825	3449	5802	173
2565	457	11	988	3614	3449	1305	1166	766	2688	1549	110
766	2565	11	457	2688	2658	173	2713	1922	1496	1549	3456	36
766	1374	457	1133	1166	988	2565	3453	1549	2326	11	4310	2688	2411
766	2565	457	1549	310	1608	11	87	3641	2651	789	4483	5796	68	2688
766	457	2565	1151	2972	988	11	3449	3642	68	1133	5800	2237	24	5802	1496
766	2565	1549	2658	789	457	4310	4967	3447	1151	11	173	24	2688	5524	3032	1374
766	2565	1151	311	996	1549	312	11	1166	3453	1496	173	789	2658	3724	3449	4045	5262
457	2967	2658	766	1098	11	2972	1374	1549	3642	1166	2565	3352	87	3447	4967	2688	2328	3691
766	2565	11	1151	5802	173	1374	1549	2688	6	1608	4967	4441	1133	2967	2237	2972	8	4073	2328
2688	11	2565	766	996	1374	311	4967	6	1151	2474	737	1133	3449	457	2700	4045	319	5188	173	1549
1166	2688	766	457	1374	11	1549	1098	4967	737	1151	2967	1133	2485	173	3449	826	1210	3614	4673	4948	996
11	457	766	988	2688	1374	1549	1133	1151	173	1166	68	5802	2972	3641	24	306	996	1542	72	3787	1098	1305
11	457	1151	2967	1166	311	766	2658	2565	2688	2485	306	5802	5189	173	1374	988	556	1098	5179	24	1133	1210	2972
457	766	11	2688	2565	993	784	173	1496	5079	6	36	2485	87	2326	24	1166	1305	3449	813	1133	310	5189	6615	3642
766	11	2565	1549	457	2688	1166	3642	1608	1374	5524	306	3615	1098	1922	4967	2485	312	2237	2972	3614	789	600	1496	1492	1305
2565	766	2688	11	4967	24	2972	1133	879	789	457	173	311	2871	5531	3457	2485	996	988	1029	4065	1098	2653	1608	1972	1542	5802
2565	766	11	1098	1374	2688	1549	1166	4967	457	2871	312	988	2658	1151	24	3453	5697	993	1470	3026	634	311	3447	3641	173	306	3976
2565	457	11	1166	766	1549	1374	2256	3642	2871	825	2688	1608	5524	1496	5079	3032	5802	826	813	1151	311	600	2229	1305	4967	789	5189	304
2565	766	11	1166	457	4967	2688	1151	1133	3642	173	4045	36	3449	2485	1098	1808	813	5079	5524	1424	5179	306	1608	5189	2326	3010	24	826	2297
2565	2688	1374	11	457	766	3453	789	1549	173	5802	1133	1608	5531	1166	306	1151	3642	5524	6	2859	3447	6596	68	2658	1210	825	2256	4967	2967	4632
457	2565	2688	1166	766	5802	1374	813	1151	2237	11	1428	1972	3642	5189	686	5800	789	68	993	600	87	4045	312	24	988	634	308	8	2560	2972	5814
2565	11	457	1549	1151	2688	24	1166	766	1374	4310	1098	1133	1006	988	2972	2967	5531	6596	5179	5524	1542	2411	20	173	122	663	4070	68	3728	1922	3447	2328
766	2565	11	1151	1549	988	1133	2688	813	1098	457	5079	3447	6	1374	4967	310	1305	1167	5524	3449	996	3352	2713	3691	1055	769	1615	87	2369	904	1350	5582	1166
457	2565	1549	766	1166	311	11	1151	4967	24	5524	2485	2688	3642	3453	1374	6	996	2713	813	600	2972	988	2369	826	2967	3456	3028	1133	308	706	3615	4632	7578	922
766	457	11	1549	1133	2688	663	789	6	2565	993	826	3642	5802	310	2686	3449	1098	2297	3381	722	20	2972	4550	2485	737	2677	173	4632	3787	311	1542	1151	24	3666	813
2565	766	457	2688	11	1151	6	2972	173	813	2871	996	1133	68	1922	1166	2967	988	5531	3449	2237	3032	36	789	2658	4967	3447	1098	1374	2297	4310	128	6615	722	5802	306	3366
766	2565	11	1166	2972	457	2688	3453	789	1374	1608	2651	2967	1549	1305	4967	306	813	3642	1496	87	6305	24	600	109	4441	5189	173	1820	1492	2237	1210	28	3457	311	1133	20	3787
1549	2565	766	2688	11	457	311	2485	1133	1166	3642	3352	1151	3447	5189	24	319	2651	2972	20	1608	122	2658	1972	996	4045	789	312	3641	306	2256	2560	1470	1350	6	3449	4967	1522	600
457	2565	2688	1166	1549	766	1374	11	3352	3449	1319	1098	1608	1395	319	996	4967	1151	36	1305	5802	24	2118	3642	3787	988	3615	784	6	1210	2658	1772	2135	826	4045	68	1133	173	3453	2972
2565	2688	457	766	311	5524	11	1133	2967	1608	813	2326	789	1098	1166	2560	310	1374	68	2972	3032	2700	722	826	1029	4967	173	24	3447	5531	988	3453	5188	6305	1428	546	3969	5189	788	2859	20
1549	1166	457	766	11	2565	2688	173	813	1133	5802	5524	663	1098	1151	4632	996	6	36	1305	826	1374	2967	5189	789	5697	4045	2658	310	3032	4598	988	3642	1395	1487	922	1772	2651	1350	311	1615	2485
2565	766	11	2688	457	1549	5524	1151	1166	1542	24	306	3453	722	1374	1305	173	4967	789	5697	3787	3641	2658	311	1608	1133	310	4310	1922	1210	109	28	5802	3449	663	707	2229	1522	6615	2871	7047	2972	4070
11	2565	766	5524	2688	1151	1549	1133	457	2485	996	173	2072	988	789	5531	2658	4967	311	4310	784	2972	1167	3453	3614	24	749	2651	1166	1210	109	5079	312	1319	5179	4948	3449	4073	310	29	697	2229	1542	2967
2565	11	2688	1374	457	766	1608	3641	1166	24	5802	312	3614	3032	5189	311	2972	1428	1098	2871	1305	5524	988	4967	3449	993	789	2326	1542	879	4040	2485	600	784	1037	2651	3456	1055	634	5079	4632	2290	1772	173	5655
766	11	2688	2565	1549	1166	457	1133	2485	311	1151	4967	3449	3642	1305	813	306	1098	1200	312	3447	1350	68	5697	996	1496	310	650	4045	1029	2135	5524	3394	4070	2237	122	7055	29	663	173	784	24	319	988	3026	2700
766	2565	457	11	2688	1166	2972	3453	1151	4967	2485	1549	1133	24	2369	1374	1098	1608	2871	3642	5079	1137	1395	1167	3032	5188	4948	173	1922	722	3787	2256	5802	988	993	68	2651	8	3456	29	407	306	319	996	20	6	2704
2565	766	457	1166	2688	311	11	1133	1374	5524	6	1151	173	3447	3642	3381	789	5802	312	5531	988	3787	87	20	1542	122	2485	1549	996	784	1210	1470	993	4045	5189	1098	1922	4948	879	3026	1395	3032	5188	6305	3402	3641	306	3028
2565	766	2688	1166	1151	457	11	1374	24	2972	5524	3453	3642	3787	6	3447	1133	311	3449	20	6305	4967	306	988	5802	996	1428	68	600	5189	686	2290	173	993	1608	4045	3631	122	2940	371	3451	3666	1997	5531	737	1395	2704	2485	2542
457	766	11	2688	2565	1549	784	3642	2485	1374	1608	173	1098	306	1496	24	813	4948	3032	312	310	36	2326	1055	4045	3447	6	2651	996	311	5802	2713	7055	4967	5524	988	86	2842	5531	122	4673	789	4099	1210	1166	4310	319	4632	1428	826
