20.80465	31.4891	44.9341	57.3312	69.2705	78.13715	88.04645	93.76685	97.5839	104.2113	111.30745	112.2691	116.8089	119.7498	123.1892	126.90425	131.014	134.5039	139.73655	144.5977	148.4212	152.0522	157.895	162.5767	167.29135	170.9364	175.0839	179.0159	180.2383	184.03505	189.29585	194.19885	196.91295	201.80105	205.337	206.6218	211.53725	214.5563	217.3517	219.55935	221.23275	221.9013	224.26355	226.0888	227.52365	232.1195	236.11355	240.44025	243.9277	246.4446
262.12453842163086	341.7065143585205	395.0457572937012	493.66021156311035	600.7771492004395	561.4092350006104	561.9621276855469	567.3635005950928	577.6519775390625	581.5110206604004	594.1135883331299	599.2558002471924	596.259593963623	609.368085861206	607.4059009552002	632.3046684265137	625.7724761962891	633.2278251647949	686.8062019348145	653.6571979522705	665.0965213775635	668.2710647583008	681.1306476593018	608.6702346801758	624.0682601928711	630.1698684692383	632.73024559021	635.200023651123	637.6550197601318	636.7132663726807	645.881175994873	691.4997100830078	651.3283252716064	661.6296768188477	665.2600765228271	669.8465347290039	673.30002784729	674.6466159820557	679.5532703399658	681.8835735321045	683.8855743408203	682.6159954071045	684.6780776977539	691.9064521789551	714.2858505249023	704.6020030975342	717.3964977264404	716.4549827575684	732.5780391693115	723.0277061462402
2565
2565	1549
2565	1549	766
2565	1549	766	11
2565	1549	766	11	457
2565	1549	766	11	457	1166
2565	1549	766	11	457	1166	2688
2565	1549	766	11	457	1166	2688	5524
2565	1549	766	11	457	1166	2688	5524	3352
2565	1549	766	11	457	1166	2688	5524	3352	1374
2565	1549	766	11	457	1166	2688	5524	3352	1374	1151
2565	1549	766	11	457	1166	2688	5524	3352	1374	1151	4037
2565	1549	766	11	457	1166	2688	5524	3352	1374	1151	4037	2485
2565	1549	766	11	457	1166	2688	5524	3352	1374	1151	4037	2485	2328
2565	1549	766	11	457	1166	2688	5524	3352	1374	1151	4037	2485	2328	3456
2565	1549	766	11	457	1166	2688	5524	3352	1374	1151	4037	2485	2328	3456	2871
2565	1549	766	11	457	1166	2688	5524	3352	1374	1151	4037	2485	2328	3456	2871	5079
2565	1549	766	11	457	1166	2688	5524	3352	1374	1151	4037	2485	2328	3456	2871	5079	2651
2565	1549	766	11	457	1166	2688	5524	3352	1374	1151	4037	2485	2328	3456	2871	5079	2651	5802
2565	1549	766	11	457	1166	2688	5524	3352	1374	1151	4037	2485	2328	3456	2871	5079	2651	5802	1608
2565	1549	766	11	457	1166	2688	5524	3352	1374	1151	4037	2485	2328	3456	2871	5079	2651	5802	1608	4310
2565	1549	766	11	457	1166	2688	5524	3352	1374	1151	4037	2485	2328	3456	2871	5079	2651	5802	1608	4310	2237
2565	1549	766	11	457	1166	2688	5524	3352	1374	1151	4037	2485	2328	3456	2871	5079	2651	5802	1608	4310	2237	1133
2565	1549	766	11	457	1166	2688	5524	3352	1374	1151	4037	2485	2328	3456	2871	5079	2651	5802	1608	4310	2237	1133	2972
2565	1549	766	11	457	1166	2688	5524	3352	1374	1151	4037	2485	2328	3456	2871	5079	2651	5802	1608	4310	2237	1133	2972	789
2565	1549	766	11	457	1166	2688	5524	3352	1374	1151	4037	2485	2328	3456	2871	5079	2651	5802	1608	4310	2237	1133	2972	789	993
2565	1549	766	11	457	1166	2688	5524	3352	1374	1151	4037	2485	2328	3456	2871	5079	2651	5802	1608	4310	2237	1133	2972	789	993	3453
2565	1549	766	11	457	1166	2688	5524	3352	1374	1151	4037	2485	2328	3456	2871	5079	2651	5802	1608	4310	2237	1133	2972	789	993	3453	2658
2565	1549	766	11	457	1166	2688	5524	3352	1374	1151	4037	2485	2328	3456	2871	5079	2651	5802	1608	4310	2237	1133	2972	789	993	3453	2658	2398
2565	1549	766	11	457	1166	2688	5524	3352	1374	1151	4037	2485	2328	3456	2871	5079	2651	5802	1608	4310	2237	1133	2972	789	993	3453	2658	2398	5189
2565	1549	766	11	457	1166	2688	5524	3352	1374	1151	4037	2485	2328	3456	2871	5079	2651	5802	1608	4310	2237	1133	2972	789	993	3453	2658	2398	5189	3642
2565	1549	766	11	457	1166	2688	5524	3352	1374	1151	4037	2485	2328	3456	2871	5079	2651	5802	1608	4310	2237	1133	2972	789	993	3453	2658	2398	5189	3642	4967
2565	1549	766	11	457	1166	2688	5524	3352	1374	1151	4037	2485	2328	3456	2871	5079	2651	5802	1608	4310	2237	1133	2972	789	993	3453	2658	2398	5189	3642	4967	5800
2565	1549	766	11	457	1166	2688	5524	3352	1374	1151	4037	2485	2328	3456	2871	5079	2651	5802	1608	4310	2237	1133	2972	789	993	3453	2658	2398	5189	3642	4967	5800	311
2565	1549	766	11	457	1166	2688	5524	3352	1374	1151	4037	2485	2328	3456	2871	5079	2651	5802	1608	4310	2237	1133	2972	789	993	3453	2658	2398	5189	3642	4967	5800	311	3447
2565	1549	766	11	457	1166	2688	5524	3352	1374	1151	4037	2485	2328	3456	2871	5079	2651	5802	1608	4310	2237	1133	2972	789	993	3453	2658	2398	5189	3642	4967	5800	311	3447	1297
2565	1549	766	11	457	1166	2688	5524	3352	1374	1151	4037	2485	2328	3456	2871	5079	2651	5802	1608	4310	2237	1133	2972	789	993	3453	2658	2398	5189	3642	4967	5800	311	3447	1297	173
2565	1549	766	11	457	1166	2688	5524	3352	1374	1151	4037	2485	2328	3456	2871	5079	2651	5802	1608	4310	2237	1133	2972	789	993	3453	2658	2398	5189	3642	4967	5800	311	3447	1297	173	2256
2565	1549	766	11	457	1166	2688	5524	3352	1374	1151	4037	2485	2328	3456	2871	5079	2651	5802	1608	4310	2237	1133	2972	789	993	3453	2658	2398	5189	3642	4967	5800	311	3447	1297	173	2256	5697
2565	1549	766	11	457	1166	2688	5524	3352	1374	1151	4037	2485	2328	3456	2871	5079	2651	5802	1608	4310	2237	1133	2972	789	993	3453	2658	2398	5189	3642	4967	5800	311	3447	1297	173	2256	5697	5022
2565	1549	766	11	457	1166	2688	5524	3352	1374	1151	4037	2485	2328	3456	2871	5079	2651	5802	1608	4310	2237	1133	2972	789	993	3453	2658	2398	5189	3642	4967	5800	311	3447	1297	173	2256	5697	5022	2576
2565	1549	766	11	457	1166	2688	5524	3352	1374	1151	4037	2485	2328	3456	2871	5079	2651	5802	1608	4310	2237	1133	2972	789	993	3453	2658	2398	5189	3642	4967	5800	311	3447	1297	173	2256	5697	5022	2576	2625
2565	1549	766	11	457	1166	2688	5524	3352	1374	1151	4037	2485	2328	3456	2871	5079	2651	5802	1608	4310	2237	1133	2972	789	993	3453	2658	2398	5189	3642	4967	5800	311	3447	1297	173	2256	5697	5022	2576	2625	737
2565	1549	766	11	457	1166	2688	5524	3352	1374	1151	4037	2485	2328	3456	2871	5079	2651	5802	1608	4310	2237	1133	2972	789	993	3453	2658	2398	5189	3642	4967	5800	311	3447	1297	173	2256	5697	5022	2576	2625	737	4099
2565	1549	766	11	457	1166	2688	5524	3352	1374	1151	4037	2485	2328	3456	2871	5079	2651	5802	1608	4310	2237	1133	2972	789	993	3453	2658	2398	5189	3642	4967	5800	311	3447	1297	173	2256	5697	5022	2576	2625	737	4099	4712
2565	1549	766	11	457	1166	2688	5524	3352	1374	1151	4037	2485	2328	3456	2871	5079	2651	5802	1608	4310	2237	1133	2972	789	993	3453	2658	2398	5189	3642	4967	5800	311	3447	1297	173	2256	5697	5022	2576	2625	737	4099	4712	6
2565	1549	766	11	457	1166	2688	5524	3352	1374	1151	4037	2485	2328	3456	2871	5079	2651	5802	1608	4310	2237	1133	2972	789	993	3453	2658	2398	5189	3642	4967	5800	311	3447	1297	173	2256	5697	5022	2576	2625	737	4099	4712	6	813
2565	1549	766	11	457	1166	2688	5524	3352	1374	1151	4037	2485	2328	3456	2871	5079	2651	5802	1608	4310	2237	1133	2972	789	993	3453	2658	2398	5189	3642	4967	5800	311	3447	1297	173	2256	5697	5022	2576	2625	737	4099	4712	6	813	3449
2565	1549	766	11	457	1166	2688	5524	3352	1374	1151	4037	2485	2328	3456	2871	5079	2651	5802	1608	4310	2237	1133	2972	789	993	3453	2658	2398	5189	3642	4967	5800	311	3447	1297	173	2256	5697	5022	2576	2625	737	4099	4712	6	813	3449	1305
2565	1549	766	11	457	1166	2688	5524	3352	1374	1151	4037	2485	2328	3456	2871	5079	2651	5802	1608	4310	2237	1133	2972	789	993	3453	2658	2398	5189	3642	4967	5800	311	3447	1297	173	2256	5697	5022	2576	2625	737	4099	4712	6	813	3449	1305	5179
