1.0	2.8226	10.312	9.28725	5.5548	10.4236	9.6496	16.80105	11.13275	16.7731	14.1704	19.25475	16.07665	20.5704	23.64985	22.17635	25.8834	24.22535	28.4178	31.4179	33.99095	30.70075	29.93895	33.00795	46.88445	36.27595	41.92155	39.76325	39.11175	38.5276	41.40905	48.78755	46.56545	50.9526	46.9329	46.6995	46.9062	46.68595	52.3258	53.85885	65.7871	56.4078	61.20335	58.20095	59.7787	63.27465	66.081	65.03445	66.45635	68.78415
0.8516311645507812	0.240325927734375	0.583648681640625	0.5803108215332031	0.2319812774658203	0.26297569274902344	0.2384185791015625	0.5784034729003906	0.2598762512207031	0.2467632293701172	0.5629062652587891	0.23126602172851562	0.5743503570556641	0.5662441253662109	0.5717277526855469	0.2498626708984375	0.47326087951660156	0.23746490478515625	0.2994537353515625	0.24580955505371094	0.6024837493896484	0.5872249603271484	0.24771690368652344	0.24509429931640625	0.3082752227783203	0.5092620849609375	0.5867481231689453	0.29850006103515625	0.5645751953125	0.4398822784423828	0.49591064453125	0.4115104675292969	0.7870197296142578	0.26297569274902344	0.2605915069580078	0.3101825714111328	0.2503395080566406	0.2605915069580078	0.2510547637939453	0.31828880310058594	0.5910396575927734	0.2620220184326172	0.31256675720214844	0.2529621124267578	0.2503395080566406	0.32138824462890625	0.2586841583251953	0.2522468566894531	0.5247592926025391	0.32830238342285156
5145
230	6435
6015	7506	20
4047	1179	5190	2027
8136	6066	8074	7459	190
2668	7579	5691	6292	5663	3754
1677	2659	1308	4913	8045	7616	2611
4025	4099	3714	5416	1214	4148	2887	7299
6035	4378	4051	8108	5294	4028	2399	8202	7005
7251	4983	4639	215	5684	1963	4800	6185	1102	7818
1548	6623	4511	1096	2401	4884	4082	3779	8135	716	5594
3437	871	7472	1890	7453	4556	2699	2974	4091	5815	5146	2579
2914	5005	3595	2417	1940	3325	5346	882	3882	2395	4798	1321	1892
1299	6643	2902	2669	2638	5245	2454	5098	8211	701	4764	5328	4074	8148
3478	6869	6768	4883	2617	5695	6120	7010	2522	5702	5928	4437	976	1140	3794
6985	1500	8055	6876	2276	7608	2819	1505	7845	2675	2922	557	7535	8204	1107	3730
7030	3318	2507	493	1965	4190	4147	5479	4210	1423	3187	2838	8043	7682	1970	5806	4378
7084	3779	7903	6129	750	4617	3878	2031	1150	2998	7033	6471	7594	2557	5048	7929	4625	5687
7416	679	1389	6504	1157	4349	1197	4612	5481	3130	1933	3925	7767	3454	1632	2953	5809	876	2662
3956	1677	1026	3582	3269	2298	557	6082	1997	6314	1643	5917	4700	3982	6096	7164	7586	4718	4331	5472
6719	1613	5709	2852	3343	3516	7321	1135	550	5549	3726	2738	3982	444	551	3792	86	2090	5787	2329	4574
3670	4689	1318	1509	812	4384	961	1324	144	3936	1675	3747	1742	7482	1796	5696	6475	205	2605	5588	8256	3903
796	5118	5277	6421	2882	4980	6374	5549	2028	525	4706	4933	6304	5430	4716	2610	4183	4201	4674	3020	437	1631	5346
6203	4671	284	3911	6625	201	2863	6541	1472	74	7753	4467	5455	2105	6327	5588	7157	3792	5639	8147	4852	6396	6175	1494
8226	6051	613	409	1707	3586	3206	1062	1966	8168	3402	811	587	1368	1243	4183	5204	4750	4580	5459	5998	5800	2584	3175	1561
2570	1511	6749	4604	7000	6534	1178	2980	1139	3631	7344	2446	7482	1790	895	2003	7090	4485	2461	6175	6520	6114	6586	5652	5646	2272
1713	755	522	4785	2163	2747	3214	6037	4009	6045	5675	3334	6889	2537	1032	3683	143	7497	1484	6508	826	1739	5043	5833	1658	4593	3395
8147	2818	4720	1102	7959	682	5829	3270	3621	859	296	1247	5998	1372	4507	2231	7791	275	6416	6984	369	5141	739	5048	5846	3914	1176	3543
1236	2623	5494	7813	3241	6570	4321	4658	3781	5069	3864	6230	4069	521	4066	1867	7828	3550	887	411	5573	461	5764	5328	121	7870	5162	1047	6577
1089	6692	3506	8000	4562	8264	4953	3538	1437	3260	6474	995	5746	3055	656	3723	192	639	130	4789	5852	842	3213	2881	8134	64	5705	2776	5926	5419
3786	2869	4871	8225	3231	7238	4920	7941	6525	4816	2426	4444	5487	3229	5643	570	2659	1788	1382	5990	7537	1804	2638	2130	4423	1800	2126	339	4337	164	909
102	4560	373	7856	2465	5739	5434	1836	4566	6696	813	870	5422	5217	179	4069	2914	132	4078	2267	2004	1822	333	6627	7843	5242	617	1191	836	7935	1892	498
3521	5604	1604	2941	6468	3764	1733	6969	379	5305	976	7255	4406	7660	2247	5806	7335	2740	6794	4996	1231	7761	6721	4490	1555	207	1034	4831	3471	1993	8060	3498	5277
2282	5445	3350	4257	7436	2119	317	4839	320	886	3905	1014	2788	5328	7478	5053	367	7145	5057	3971	6161	3917	4476	1420	5895	2851	6525	5286	3259	6215	514	4766	2869	5020
754	2540	314	4810	5382	639	1832	2527	19	3450	7595	3478	6624	4059	5374	1066	454	7960	2391	1264	4110	838	960	1104	3959	3842	4148	8063	4012	7801	8146	396	4462	3540	7013
6204	506	2846	7511	6552	75	7803	1798	3771	7241	4181	3578	7162	1501	1023	4417	7679	6580	7893	2412	7800	4859	6244	1827	7448	735	2276	1125	1144	5945	3203	2112	7431	1231	2061	1655
242	2508	6222	999	3169	3894	4555	5038	2807	1930	642	1846	829	1040	3886	1564	7170	2761	1908	1873	6356	4393	2472	5674	5320	8166	4754	6422	7154	1516	480	2502	1218	4090	909	1887	6774
3277	7073	2499	595	7553	3537	1487	4153	4934	2746	137	6056	800	7707	1825	7666	6678	7576	316	4863	5603	3126	2763	412	5337	5329	3051	4715	1827	2869	5429	2782	1171	1338	1426	402	273	2342
3701	7012	1828	139	1558	883	4020	1094	6644	6897	4618	4794	4313	1543	7666	2642	3850	1944	3321	4745	3462	2459	7179	6417	6155	2116	2096	4454	7753	7405	1581	969	2613	7383	2848	3682	6846	1232	5103
3961	3965	2576	5426	1558	3098	2805	3126	1743	6745	1474	6858	6270	6447	8295	495	5284	7060	1373	3441	4841	213	7007	7359	33	5158	4906	2650	4664	1246	1914	6908	4826	3189	534	1299	6293	3907	628	7469
4948	410	5352	226	5294	7111	237	1138	6502	4819	7649	4828	7044	2877	2845	5308	3354	546	5146	4787	2733	1895	2794	1561	7546	1529	1873	1459	2889	6679	1279	7916	788	6529	7056	29	1295	3504	444	7112	6774
6216	6727	961	5001	6551	6241	7538	5352	2317	271	172	5271	3226	4625	4062	37	5399	4008	3363	2446	5171	2922	4155	2354	2870	7992	1343	1422	1918	2457	6493	4186	5637	6005	6072	4274	2108	406	3218	5160	7579	734
7080	5853	6105	926	2880	122	126	1557	3492	3172	5505	1931	681	439	4715	4659	6788	3751	6424	2599	6706	5568	22	8195	1735	5371	1962	4901	3343	5047	2963	3619	6595	7791	2990	87	179	3926	693	7355	4174	6392	1718
1394	4533	4311	2627	754	1572	5768	2280	1996	2961	3837	5985	6633	369	2112	650	3104	486	551	3512	4381	2341	2958	4197	843	1667	4611	817	7132	4444	5311	375	4222	197	3704	2801	2348	5171	7292	1883	7946	3033	2936	969
6081	424	5685	954	3123	6544	4316	1060	1379	6366	2969	400	4476	7834	4813	4683	1234	2494	549	1472	768	4678	7335	7018	3471	7889	5813	1695	3056	1181	5972	5620	4915	1160	5232	6324	2030	7780	4632	2321	6923	4980	553	4786	4105
399	1219	6850	2678	6749	964	5305	4093	3983	313	713	3885	3597	3743	3111	899	1164	6366	5326	6046	6412	5504	2511	2924	7494	351	2994	3297	2682	4255	2770	7332	1890	5378	201	3632	269	7084	6506	7966	1542	2867	23	2986	5891	6113
6509	3164	4531	8077	7995	206	1662	5666	3402	451	7462	2041	4666	1148	852	3076	3665	1459	7323	8189	382	3743	2995	5902	1868	4375	1315	1969	1679	3472	1355	2326	709	6624	751	3253	4804	3373	7498	4516	2134	2511	1342	5830	916	6594	2788
3335	2224	3867	397	3004	6034	1331	1182	8036	7131	6657	8232	4345	4980	7393	382	4278	4027	1995	689	3552	1557	1506	8204	4311	5446	4035	84	2632	3007	2236	7588	6286	2026	1280	2667	6423	974	399	1555	5633	4457	7956	3199	191	3345	6304	976
1690	4621	4687	3284	1547	2214	3651	6731	2471	3147	3926	2793	2950	4457	6485	1085	6832	5365	310	6594	288	5616	4322	7821	7981	7569	5050	6883	3055	2232	2155	3700	5273	6513	4439	5215	5532	943	4428	5009	1554	2856	3722	6175	7741	3209	4915	2931	8193
4711	6109	7756	528	5437	8088	3524	3090	7284	3877	1264	8043	1230	4587	5582	2852	681	1857	4539	6202	1025	5214	4443	1844	2240	1160	1141	1184	5039	143	2839	4677	7127	1192	3520	3204	616	7415	6198	34	6930	7108	5644	3366	4929	3613	3610	498	6586	2128
